0 5 0 464 8 23
0 31 1 347 53 68
0 34 0 347 54 65
0 26 0 339 51 84
0 24 0 333 49 94
0 26 0 340 51 83
0 33 0 322 50 95
0 33 0 338 47 82
0 40 0 318 58 84
0 27 0 347 41 85
0 39 0 343 41 77
0 32 0 347 44 77
0 31 0 335 48 86
0 33 1 337 50 79
0 24 0 329 48 99
0 37 0 328 52 83
0 22 0 364 39 75
0 25 1 342 46 86
0 28 0 320 51 101
0 36 0 332 50 82
0 32 0 339 47 82
0 27 0 359 43 71
0 7 0 443 23 27
0 23 0 364 42 71
0 38 0 330 53 79
0 27 0 341 51 81
0 26 0 356 43 75
0 31 0 342 55 72
0 28 0 349 52 71
0 33 0 326 58 83
0 33 0 342 44 81
0 29 0 348 52 71
0 33 0 328 46 93
0 36 1 334 44 85
0 29 0 344 47 80
0 28 0 353 42 77
0 29 0 352 49 70
0 32 0 333 44 91
0 32 0 346 53 69
0 30 0 348 43 79
0 29 0 350 49 72
0 34 0 344 45 77
0 30 0 337 43 90
0 36 0 342 48 74
0 22 0 390 35 53
0 30 0 362 45 63
0 25 0 338 40 97
