469 31 0 0 0 0
356 144 0 0 0 0
356 144 0 0 0 0
354 146 0 0 0 0
339 161 0 0 0 0
341 159 0 0 0 0
345 155 0 0 0 0
341 159 0 0 0 0
320 180 0 0 0 0
351 149 0 0 0 0
355 145 0 0 0 0
351 149 0 0 0 0
335 165 0 0 0 0
337 163 0 0 0 0
344 156 0 0 0 0
331 169 0 0 0 0
364 136 0 0 0 0
352 148 0 0 0 0
332 168 0 0 0 0
333 167 0 0 0 0
349 151 0 0 0 0
367 133 0 0 0 0
451 49 0 0 0 0
363 137 0 0 0 0
335 165 0 0 0 0
335 165 0 0 0 0
362 138 0 0 0 0
338 162 0 0 0 0
344 156 0 0 0 0
331 169 0 0 0 0
338 162 0 0 0 0
350 150 0 0 0 0
336 164 0 0 0 0
332 168 0 0 0 0
349 151 0 0 0 0
347 153 0 0 0 0
358 142 0 0 0 0
339 161 0 0 0 0
347 153 0 0 0 0
358 142 0 0 0 0
347 153 0 0 0 0
350 150 0 0 0 0
336 164 0 0 0 0
344 156 0 0 0 0
393 107 0 0 0 0
375 125 0 0 0 0
351 149 0 0 0 0
